v -0.204444 0 -0.181111
v -0.198955 0 -0.177873
v -0.193365 0 -0.174423
v -0.187676 0 -0.170766
v -0.181893 0 -0.166906
v -0.176018 0 -0.162847
v -0.170056 0 -0.158594
v -0.164008 0 -0.154151
v -0.157879 0 -0.149521
v -0.151671 0 -0.14471
v -0.145388 0 -0.139721
v -0.139033 0 -0.134559
v -0.132609 0 -0.129227
v -0.12612 0 -0.123731
v -0.119569 0 -0.118074
v -0.112959 0 -0.112261
v -0.106293 0 -0.106295
v -0.0995742 0 -0.100181
v -0.0928066 0 -0.0939235
v -0.0859929 0 -0.0875264
v -0.0791366 0 -0.080994
v -0.0722407 0 -0.0743305
v -0.0653086 0 -0.06754
v -0.0583436 0 -0.0606269
v -0.0513487 0 -0.0535954
v -0.0443274 0 -0.0464497
v -0.0372829 0 -0.0391939
v -0.0302183 0 -0.0318324
v -0.023137 0 -0.0243694
v -0.0160421 0 -0.016809
v -0.008937 0 -0.00915556
v -0.0018249 0 -0.00141329
v 0.00529101 0 0.00641365
v 0.0124074 0 0.014321
v 0.0195211 0 0.0223045
v 0.0266288 0 0.03036
v 0.0337274 0 0.0384832
v 0.0408134 0 0.0466699
v 0.0478837 0 0.0549158
v 0.0549352 0 0.0632169
v 0.0619644 0 0.0715688
v 0.0689681 0 0.0799673
v 0.0759432 0 0.0884081
v 0.0828863 0 0.0968871
v 0.0897942 0 0.1054
v 0.0966637 0 0.113943
v 0.103492 0 0.122511
v 0.110274 0 0.1311
v 0.117009 0 0.139707
v 0.123693 0 0.148326
v 0.130321 0 0.156954
v 0.136892 0 0.165586
v 0.143401 0 0.174218
v 0.149847 0 0.182846
v 0.156224 0 0.191466
v 0.162531 0 0.200073
v 0.168763 0 0.208664
v 0.174918 0 0.217233
v 0.180993 0 0.225777
v 0.186984 0 0.234292
v 0.192887 0 0.242773
v 0.1987 0 0.251216
v 0.20442 0 0.259617
v 0.210042 0 0.267972
v 0.215565 0 0.276276
v 0.220984 0 0.284526
v 0.226296 0 0.292716
v 0.231499 0 0.300843
v 0.236589 0 0.308903
v 0.241562 0 0.31689
v 0.246415 0 0.324802
v 0.251146 0 0.332634
v 0.255751 0 0.340382
v 0.260226 0 0.34804
v 0.264569 0 0.355606
v 0.268776 0 0.363075
v 0.272844 0 0.370443
v 0.27677 0 0.377705
v 0.28055 0 0.384857
v 0.284181 0 0.391895
v 0.28766 0 0.398815
v 0.290984 0 0.405613
v 0.294149 0 0.412284
v 0.297153 0 0.418824
v 0.299991 0 0.42523
v 0.302661 0 0.431495
v 0.30516 0 0.437618
v 0.307484 0 0.443592
v 0.30963 0 0.449415
v 0.311594 0 0.455081
v 0.313374 0 0.460587
v 0.314967 0 0.465928
v 0.316368 0 0.4711
v 0.317575 0 0.476099
v 0.318584 0 0.480921
v 0.319393 0 0.485561
v 0.319998 0 0.490016
v 0.320395 0 0.49428
v 0.320582 0 0.498351
v 0.320556 0 0.502222
v 0.320556 0 0.502222
v 0.320313 0 0.505892
v 0.319857 0 0.509362
v 0.31919 0 0.512632
v 0.318316 0 0.515705
v 0.317239 0 0.518584
v 0.315962 0 0.521269
v 0.314487 0 0.523763
v 0.312819 0 0.526068
v 0.31096 0 0.528185
v 0.308914 0 0.530117
v 0.306685 0 0.531866
v 0.304275 0 0.533432
v 0.301688 0 0.534819
v 0.298928 0 0.536029
v 0.295997 0 0.537062
v 0.292899 0 0.537922
v 0.289638 0 0.538609
v 0.286215 0 0.539127
v 0.282636 0 0.539476
v 0.278904 0 0.539659
v 0.27502 0 0.539677
v 0.27099 0 0.539534
v 0.266816 0 0.539229
v 0.262501 0 0.538766
v 0.25805 0 0.538146
v 0.253464 0 0.537372
v 0.248749 0 0.536445
v 0.243906 0 0.535366
v 0.238939 0 0.534139
v 0.233852 0 0.532765
v 0.228648 0 0.531245
v 0.22333 0 0.529582
v 0.217901 0 0.527778
v 0.212366 0 0.525834
v 0.206726 0 0.523753
v 0.200986 0 0.521536
v 0.195149 0 0.519185
v 0.189218 0 0.516703
v 0.183197 0 0.514091
v 0.177089 0 0.511351
v 0.170896 0 0.508485
v 0.164623 0 0.505495
v 0.158273 0 0.502382
v 0.15185 0 0.49915
v 0.145355 0 0.495798
v 0.138794 0 0.492331
v 0.132168 0 0.488749
v 0.125482 0 0.485054
v 0.118739 0 0.481249
v 0.111942 0 0.477335
v 0.105095 0 0.473314
v 0.0982 0 0.469188
v 0.0912613 0 0.464959
v 0.084282 0 0.460629
v 0.0772657 0 0.4562
v 0.0702154 0 0.451674
v 0.0631345 0 0.447052
v 0.0560263 0 0.442337
v 0.0488943 0 0.43753
v 0.0417417 0 0.432634
v 0.0345718 0 0.42765
v 0.0273881 0 0.42258
v 0.0201937 0 0.417426
v 0.012992 0 0.412191
v 0.00578643 0 0.406875
v -0.00141981 0 0.401481
v -0.00862319 0 0.396012
v -0.0158206 0 0.390467
v -0.0230087 0 0.384851
v -0.030184 0 0.379164
v -0.0373433 0 0.373409
v -0.0444833 0 0.367587
v -0.0516005 0 0.3617
v -0.0586917 0 0.35575
v -0.0657536 0 0.34974
v -0.0727828 0 0.343671
v -0.0797759 0 0.337545
v -0.0867298 0 0.331363
v -0.093641 0 0.325129
v -0.100506 0 0.318843
v -0.107322 0 0.312508
v -0.114085 0 0.306125
v -0.120792 0 0.299697
v -0.12744 0 0.293225
v -0.134025 0 0.286712
v -0.140545 0 0.280159
v -0.146995 0 0.273568
v -0.153372 0 0.266941
v -0.159674 0 0.26028
v -0.165896 0 0.253587
v -0.172035 0 0.246864
v -0.178089 0 0.240113
v -0.184053 0 0.233335
v -0.189925 0 0.226533
v -0.195701 0 0.219708
v -0.201377 0 0.212863
v -0.206951 0 0.205999
v -0.212419 0 0.199118
v -0.217778 0 0.192222
v -0.217778 0 0.192222
v -0.223025 0 0.185314
v -0.228159 0 0.178395
v -0.233181 0 0.171467
v -0.23809 0 0.164534
v -0.242888 0 0.157597
v -0.247573 0 0.150659
v -0.252146 0 0.143721
v -0.256607 0 0.136787
v -0.260956 0 0.129858
v -0.265193 0 0.122937
v -0.269319 0 0.116026
v -0.273333 0 0.109128
v -0.277235 0 0.102245
v -0.281026 0 0.0953785
v -0.284705 0 0.0885315
v -0.288273 0 0.0817062
v -0.29173 0 0.074905
v -0.295076 0 0.0681301
v -0.29831 0 0.0613838
v -0.301434 0 0.0546684
v -0.304446 0 0.0479863
v -0.307348 0 0.0413397
v -0.310139 0 0.034731
v -0.312819 0 0.0281625
v -0.315389 0 0.0216365
v -0.317848 0 0.0151553
v -0.320197 0 0.00872107
v -0.322435 0 0.00233636
v -0.324564 0 -0.00399667
v -0.326582 0 -0.0102757
v -0.328489 0 -0.0164983
v -0.330287 0 -0.0226624
v -0.331975 0 -0.0287654
v -0.333553 0 -0.0348052
v -0.335022 0 -0.0407795
v -0.33638 0 -0.0466859
v -0.337629 0 -0.0525221
v -0.338769 0 -0.0582857
v -0.339799 0 -0.0639747
v -0.34072 0 -0.0695865
v -0.341531 0 -0.0751188
v -0.342233 0 -0.0805694
v -0.342826 0 -0.085936
v -0.34331 0 -0.0912163
v -0.343686 0 -0.0964079
v -0.343952 0 -0.101509
v -0.344109 0 -0.106516
v -0.344158 0 -0.111428
v -0.344098 0 -0.116242
v -0.34393 0 -0.120955
v -0.343653 0 -0.125566
v -0.343268 0 -0.130073
v -0.342775 0 -0.134472
v -0.342173 0 -0.138762
v -0.341463 0 -0.14294
v -0.340645 0 -0.147004
v -0.33972 0 -0.150952
v -0.338686 0 -0.154781
v -0.337545 0 -0.158489
v -0.336295 0 -0.162074
v -0.334939 0 -0.165533
v -0.333474 0 -0.168864
v -0.331902 0 -0.172065
v -0.330223 0 -0.175134
v -0.328437 0 -0.178068
v -0.326543 0 -0.180864
v -0.324542 0 -0.183521
v -0.322435 0 -0.186037
v -0.32022 0 -0.188408
v -0.317898 0 -0.190633
v -0.31547 0 -0.192709
v -0.312934 0 -0.194635
v -0.310292 0 -0.196407
v -0.307544 0 -0.198023
v -0.304689 0 -0.199482
v -0.301728 0 -0.20078
v -0.29866 0 -0.201916
v -0.295486 0 -0.202887
v -0.292206 0 -0.203691
v -0.28882 0 -0.204325
v -0.285328 0 -0.204788
v -0.281731 0 -0.205076
v -0.278027 0 -0.205188
v -0.274217 0 -0.205122
v -0.270302 0 -0.204874
v -0.266282 0 -0.204443
v -0.262156 0 -0.203827
v -0.257924 0 -0.203022
v -0.253587 0 -0.202028
v -0.249145 0 -0.200841
v -0.244598 0 -0.199459
v -0.239946 0 -0.197879
v -0.235188 0 -0.196101
v -0.230326 0 -0.19412
v -0.225359 0 -0.191936
v -0.220287 0 -0.189545
v -0.215111 0 -0.186946
v -0.20983 0 -0.184135
v -0.204444 0 -0.181111
