v 0.385556 0 -0.207407
v 0.386949 0 -0.211098
v 0.388167 0 -0.214807
v 0.389213 0 -0.218533
v 0.390088 0 -0.222273
v 0.390795 0 -0.226028
v 0.391335 0 -0.229795
v 0.391712 0 -0.233573
v 0.391928 0 -0.23736
v 0.391984 0 -0.241156
v 0.391883 0 -0.244958
v 0.391627 0 -0.248765
v 0.391218 0 -0.252577
v 0.390659 0 -0.256391
v 0.389952 0 -0.260205
v 0.389099 0 -0.26402
v 0.388102 0 -0.267832
v 0.386963 0 -0.271642
v 0.385686 0 -0.275447
v 0.384271 0 -0.279245
v 0.382722 0 -0.283036
v 0.38104 0 -0.286818
v 0.379227 0 -0.29059
v 0.377287 0 -0.29435
v 0.37522 0 -0.298096
v 0.37303 0 -0.301829
v 0.370719 0 -0.305545
v 0.368288 0 -0.309243
v 0.365741 0 -0.312923
v 0.363079 0 -0.316582
v 0.360304 0 -0.32022
v 0.357419 0 -0.323834
v 0.354426 0 -0.327424
v 0.351327 0 -0.330988
v 0.348125 0 -0.334524
v 0.344821 0 -0.338032
v 0.341418 0 -0.341509
v 0.337919 0 -0.344954
v 0.334324 0 -0.348367
v 0.330638 0 -0.351745
v 0.326861 0 -0.355086
v 0.322996 0 -0.358391
v 0.319045 0 -0.361657
v 0.315011 0 -0.364882
v 0.310896 0 -0.368066
v 0.306702 0 -0.371207
v 0.302431 0 -0.374303
v 0.298085 0 -0.377353
v 0.293667 0 -0.380356
v 0.289179 0 -0.38331
v 0.284623 0 -0.386214
v 0.280002 0 -0.389067
v 0.275317 0 -0.391866
v 0.270571 0 -0.394611
v 0.265766 0 -0.3973
v 0.260904 0 -0.399931
v 0.255988 0 -0.402504
v 0.25102 0 -0.405017
v 0.246001 0 -0.407468
v 0.240935 0 -0.409857
v 0.235823 0 -0.412181
v 0.230668 0 -0.414439
v 0.225472 0 -0.416629
v 0.220237 0 -0.418751
v 0.214965 0 -0.420803
v 0.209659 0 -0.422784
v 0.204321 0 -0.424691
v 0.198953 0 -0.426525
v 0.193557 0 -0.428282
v 0.188136 0 -0.429962
v 0.182691 0 -0.431563
v 0.177226 0 -0.433085
v 0.171741 0 -0.434525
v 0.166241 0 -0.435882
v 0.160725 0 -0.437155
v 0.155198 0 -0.438342
v 0.149661 0 -0.439441
v 0.144116 0 -0.440453
v 0.138566 0 -0.441374
v 0.133013 0 -0.442204
v 0.127459 0 -0.442941
v 0.121906 0 -0.443583
v 0.116357 0 -0.44413
v 0.110813 0 -0.44458
v 0.105278 0 -0.444931
v 0.0997524 0 -0.445182
v 0.0942395 0 -0.445332
v 0.0887414 0 -0.445379
v 0.0832602 0 -0.445322
v 0.0777981 0 -0.44516
v 0.0723574 0 -0.44489
v 0.0669405 0 -0.444511
v 0.0615493 0 -0.444023
v 0.0561862 0 -0.443423
v 0.0508534 0 -0.442711
v 0.0455531 0 -0.441884
v 0.0402876 0 -0.440942
v 0.0350592 0 -0.439883
v 0.0298699 0 -0.438705
v 0.0247222 0 -0.437407
v 0.0247222 0 -0.437407
v 0.019618 0 -0.435989
v 0.0145583 0 -0.434452
v 0.00954417 0 -0.432798
v 0.00457646 0 -0.431029
v -0.00034391 0 -0.429148
v -0.00521605 0 -0.427157
v -0.0100391 0 -0.425058
v -0.014812 0 -0.422854
v -0.019534 0 -0.420546
v -0.0242041 0 -0.418138
v -0.0288214 0 -0.41563
v -0.0333851 0 -0.413026
v -0.0378942 0 -0.410328
v -0.0423478 0 -0.407538
v -0.046745 0 -0.404658
v -0.0510849 0 -0.401691
v -0.0553665 0 -0.398638
v -0.0595891 0 -0.395502
v -0.0637516 0 -0.392286
v -0.0678532 0 -0.388991
v -0.0718929 0 -0.38562
v -0.0758699 0 -0.382175
v -0.0797832 0 -0.378658
v -0.083632 0 -0.375072
v -0.0874153 0 -0.371418
v -0.0911323 0 -0.3677
v -0.0947819 0 -0.363919
v -0.0983633 0 -0.360077
v -0.101876 0 -0.356177
v -0.105318 0 -0.352222
v -0.10869 0 -0.348212
v -0.111989 0 -0.344151
v -0.115216 0 -0.340041
v -0.118369 0 -0.335884
v -0.121448 0 -0.331682
v -0.124451 0 -0.327438
v -0.127378 0 -0.323154
v -0.130228 0 -0.318832
v -0.132999 0 -0.314474
v -0.135692 0 -0.310083
v -0.138304 0 -0.30566
v -0.140836 0 -0.301209
v -0.143286 0 -0.296731
v -0.145653 0 -0.292228
v -0.147936 0 -0.287704
v -0.150135 0 -0.283159
v -0.152249 0 -0.278597
v -0.154276 0 -0.27402
v -0.156216 0 -0.269429
v -0.158068 0 -0.264828
v -0.15983 0 -0.260218
v -0.161503 0 -0.255601
v -0.163085 0 -0.250981
v -0.164575 0 -0.246358
v -0.165973 0 -0.241736
v -0.167277 0 -0.237117
v -0.168486 0 -0.232502
v -0.1696 0 -0.227895
v -0.170618 0 -0.223297
v -0.171538 0 -0.21871
v -0.172361 0 -0.214138
v -0.173084 0 -0.209582
v -0.173708 0 -0.205044
v -0.17423 0 -0.200527
v -0.174651 0 -0.196033
v -0.174969 0 -0.191564
v -0.175184 0 -0.187122
v -0.175294 0 -0.18271
v -0.175299 0 -0.17833
v -0.175197 0 -0.173985
v -0.174989 0 -0.169675
v -0.174672 0 -0.165405
v -0.174246 0 -0.161175
v -0.17371 0 -0.156989
v -0.173064 0 -0.152848
v -0.172305 0 -0.148754
v -0.171435 0 -0.144711
v -0.17045 0 -0.14072
v -0.169351 0 -0.136784
v -0.168137 0 -0.132904
v -0.166807 0 -0.129083
v -0.165359 0 -0.125323
v -0.163793 0 -0.121627
v -0.162109 0 -0.117997
v -0.160304 0 -0.114434
v -0.158379 0 -0.110942
v -0.156332 0 -0.107523
v -0.154162 0 -0.104178
v -0.151869 0 -0.10091
v -0.149451 0 -0.0977213
v -0.146908 0 -0.0946143
v -0.144239 0 -0.091591
v -0.141443 0 -0.0886537
v -0.138519 0 -0.0858047
v -0.135465 0 -0.0830463
v -0.132282 0 -0.0803806
v -0.128968 0 -0.0778101
v -0.125523 0 -0.0753367
v -0.121944 0 -0.072963
v -0.121944 0 -0.072963
v -0.118233 0 -0.0706905
v -0.114392 0 -0.068519
v -0.110424 0 -0.0664476
v -0.106331 0 -0.0644756
v -0.102117 0 -0.062602
v -0.0977859 0 -0.0608261
v -0.0933399 0 -0.059147
v -0.0887823 0 -0.0575639
v -0.0841164 0 -0.0560759
v -0.0793452 0 -0.0546823
v -0.0744719 0 -0.0533821
v -0.0694996 0 -0.0521746
v -0.0644315 0 -0.0510589
v -0.0592707 0 -0.0500343
v -0.0540204 0 -0.0490998
v -0.0486836 0 -0.0482546
v -0.0432636 0 -0.0474979
v -0.0377634 0 -0.0468289
v -0.0321862 0 -0.0462467
v -0.0265351 0 -0.0457506
v -0.0208134 0 -0.0453396
v -0.015024 0 -0.045013
v -0.00917019 0 -0.0447698
v -0.00325508 0 -0.0446094
v 0.00271823 0 -0.0445308
v 0.00874654 0 -0.0445332
v 0.0148268 0 -0.0446159
v 0.0209558 0 -0.0447778
v 0.0271304 0 -0.0450183
v 0.0333475 0 -0.0453365
v 0.0396039 0 -0.0457316
v 0.0458965 0 -0.0462027
v 0.0522222 0 -0.046749
v 0.0585778 0 -0.0473696
v 0.0649603 0 -0.0480638
v 0.0713663 0 -0.0488307
v 0.0777929 0 -0.0496695
v 0.0842369 0 -0.0505793
v 0.0906951 0 -0.0515594
v 0.0971644 0 -0.0526088
v 0.103642 0 -0.0537267
v 0.110124 0 -0.0549124
v 0.116608 0 -0.056165
v 0.12309 0 -0.0574836
v 0.129568 0 -0.0588675
v 0.136038 0 -0.0603157
v 0.142497 0 -0.0618275
v 0.148942 0 -0.063402
v 0.15537 0 -0.0650385
v 0.161778 0 -0.066736
v 0.168162 0 -0.0684937
v 0.174519 0 -0.0703108
v 0.180848 0 -0.0721865
v 0.187143 0 -0.07412
v 0.193402 0 -0.0761103
v 0.199622 0 -0.0781568
v 0.2058 0 -0.0802585
v 0.211932 0 -0.0824146
v 0.218016 0 -0.0846243
v 0.224049 0 -0.0868867
v 0.230026 0 -0.0892011
v 0.235946 0 -0.0915665
v 0.241804 0 -0.0939822
v 0.247598 0 -0.0964474
v 0.253325 0 -0.0989611
v 0.258982 0 -0.101523
v 0.264564 0 -0.104131
v 0.27007 0 -0.106786
v 0.275496 0 -0.109485
v 0.280839 0 -0.11223
v 0.286096 0 -0.115018
v 0.291264 0 -0.117848
v 0.296339 0 -0.120721
v 0.301318 0 -0.123634
v 0.306199 0 -0.126588
v 0.310978 0 -0.129582
v 0.315652 0 -0.132614
v 0.320217 0 -0.135684
v 0.324672 0 -0.138791
v 0.329012 0 -0.141933
v 0.333234 0 -0.145112
v 0.337336 0 -0.148324
v 0.341313 0 -0.151571
v 0.345164 0 -0.15485
v 0.348885 0 -0.158161
v 0.352473 0 -0.161503
v 0.355924 0 -0.164876
v 0.359235 0 -0.168278
v 0.362404 0 -0.171708
v 0.365427 0 -0.175167
v 0.368301 0 -0.178652
v 0.371023 0 -0.182164
v 0.37359 0 -0.185701
v 0.375999 0 -0.189262
v 0.378246 0 -0.192847
v 0.380328 0 -0.196455
v 0.382242 0 -0.200085
v 0.383986 0 -0.203736
v 0.385556 0 -0.207407
