v 0.228889 0 0.00259259
v 0.229061 0 -0.000960921
v 0.229106 0 -0.00450552
v 0.229026 0 -0.00804064
v 0.228823 0 -0.0115658
v 0.228498 0 -0.0150803
v 0.228052 0 -0.0185838
v 0.227488 0 -0.0220757
v 0.226806 0 -0.0255554
v 0.226009 0 -0.0290225
v 0.225098 0 -0.0324763
v 0.224075 0 -0.0359163
v 0.222941 0 -0.039342
v 0.221697 0 -0.0427529
v 0.220346 0 -0.0461483
v 0.218889 0 -0.0495279
v 0.217327 0 -0.052891
v 0.215662 0 -0.0562371
v 0.213896 0 -0.0595656
v 0.21203 0 -0.0628761
v 0.210066 0 -0.066168
v 0.208005 0 -0.0694407
v 0.20585 0 -0.0726937
v 0.203601 0 -0.0759265
v 0.20126 0 -0.0791385
v 0.198828 0 -0.0823292
v 0.196308 0 -0.0854981
v 0.193701 0 -0.0886446
v 0.191008 0 -0.0917681
v 0.188232 0 -0.0948682
v 0.185373 0 -0.0979444
v 0.182433 0 -0.100996
v 0.179414 0 -0.104022
v 0.176317 0 -0.107023
v 0.173144 0 -0.109998
v 0.169897 0 -0.112946
v 0.166576 0 -0.115867
v 0.163185 0 -0.11876
v 0.159724 0 -0.121625
v 0.156194 0 -0.124461
v 0.152598 0 -0.127267
v 0.148937 0 -0.130044
v 0.145213 0 -0.13279
v 0.141426 0 -0.135505
v 0.13758 0 -0.138189
v 0.133674 0 -0.14084
v 0.129712 0 -0.143459
v 0.125694 0 -0.146045
v 0.121622 0 -0.148597
v 0.117498 0 -0.151115
v 0.113323 0 -0.153598
v 0.109099 0 -0.156046
v 0.104827 0 -0.158458
v 0.100509 0 -0.160834
v 0.0961466 0 -0.163173
v 0.0917413 0 -0.165474
v 0.0872948 0 -0.167737
v 0.0828086 0 -0.169962
v 0.0782841 0 -0.172147
v 0.0737232 0 -0.174294
v 0.0691272 0 -0.176399
v 0.0644978 0 -0.178465
v 0.0598367 0 -0.180489
v 0.0551452 0 -0.182471
v 0.0504252 0 -0.184411
v 0.045678 0 -0.186308
v 0.0409053 0 -0.188162
v 0.0361088 0 -0.189972
v 0.0312898 0 -0.191737
v 0.0264502 0 -0.193458
v 0.0215913 0 -0.195132
v 0.0167148 0 -0.196761
v 0.0118223 0 -0.198344
v 0.00691544 0 -0.199879
v 0.0019957 0 -0.201366
v -0.00293542 0 -0.202805
v -0.00787617 0 -0.204196
v -0.012825 0 -0.205537
v -0.0177805 0 -0.206828
v -0.0227408 0 -0.208069
v -0.0277045 0 -0.209259
v -0.0326701 0 -0.210398
v -0.0376359 0 -0.211484
v -0.0426002 0 -0.212518
v -0.0475617 0 -0.213499
v -0.0525186 0 -0.214427
v -0.0574695 0 -0.2153
v -0.0624126 0 -0.216119
v -0.0673464 0 -0.216882
v -0.0722695 0 -0.21759
v -0.0771801 0 -0.218241
v -0.0820766 0 -0.218836
v -0.0869576 0 -0.219373
v -0.0918215 0 -0.219852
v -0.0966666 0 -0.220273
v -0.101491 0 -0.220635
v -0.106294 0 -0.220937
v -0.111074 0 -0.221179
v -0.115828 0 -0.221361
v -0.120556 0 -0.221482
v -0.120556 0 -0.221482
v -0.125255 0 -0.221541
v -0.129926 0 -0.221538
v -0.134568 0 -0.221476
v -0.139181 0 -0.221353
v -0.143765 0 -0.22117
v -0.148318 0 -0.220928
v -0.152841 0 -0.220628
v -0.157333 0 -0.220269
v -0.161795 0 -0.219853
v -0.166225 0 -0.219379
v -0.170623 0 -0.218849
v -0.17499 0 -0.218263
v -0.179324 0 -0.217621
v -0.183625 0 -0.216924
v -0.187894 0 -0.216172
v -0.192129 0 -0.215366
v -0.19633 0 -0.214507
v -0.200497 0 -0.213594
v -0.20463 0 -0.212629
v -0.208728 0 -0.211612
v -0.212791 0 -0.210543
v -0.216818 0 -0.209422
v -0.22081 0 -0.208252
v -0.224766 0 -0.207031
v -0.228685 0 -0.20576
v -0.232567 0 -0.20444
v -0.236412 0 -0.203072
v -0.24022 0 -0.201655
v -0.243989 0 -0.200191
v -0.247721 0 -0.19868
v -0.251414 0 -0.197122
v -0.255068 0 -0.195518
v -0.258683 0 -0.193868
v -0.262258 0 -0.192174
v -0.265794 0 -0.190434
v -0.269289 0 -0.188651
v -0.272744 0 -0.186824
v -0.276157 0 -0.184953
v -0.27953 0 -0.183041
v -0.282861 0 -0.181086
v -0.286149 0 -0.179089
v -0.289396 0 -0.177051
v -0.2926 0 -0.174973
v -0.295761 0 -0.172855
v -0.298878 0 -0.170697
v -0.301952 0 -0.1685
v -0.304982 0 -0.166264
v -0.307967 0 -0.16399
v -0.310908 0 -0.161679
v -0.313803 0 -0.15933
v -0.316653 0 -0.156945
v -0.319458 0 -0.154524
v -0.322216 0 -0.152067
v -0.324928 0 -0.149576
v -0.327593 0 -0.147049
v -0.330211 0 -0.144489
v -0.332782 0 -0.141895
v -0.335305 0 -0.139267
v -0.337779 0 -0.136608
v -0.340205 0 -0.133916
v -0.342583 0 -0.131192
v -0.344911 0 -0.128438
v -0.347189 0 -0.125653
v -0.349418 0 -0.122838
v -0.351596 0 -0.119993
v -0.353724 0 -0.117119
v -0.355801 0 -0.114217
v -0.357827 0 -0.111287
v -0.359801 0 -0.108329
v -0.361723 0 -0.105344
v -0.363593 0 -0.102332
v -0.365411 0 -0.0992943
v -0.367175 0 -0.0962311
v -0.368886 0 -0.0931429
v -0.370544 0 -0.09003
v -0.372147 0 -0.0868931
v -0.373696 0 -0.0837327
v -0.37519 0 -0.0805492
v -0.37663 0 -0.0773431
v -0.378014 0 -0.0741151
v -0.379342 0 -0.0708654
v -0.380614 0 -0.0675947
v -0.38183 0 -0.0643035
v -0.382989 0 -0.0609922
v -0.384091 0 -0.0576614
v -0.385136 0 -0.0543116
v -0.386123 0 -0.0509432
v -0.387052 0 -0.0475568
v -0.387922 0 -0.0441528
v -0.388733 0 -0.0407318
v -0.389486 0 -0.0372943
v -0.390178 0 -0.0338408
v -0.390811 0 -0.0303717
v -0.391384 0 -0.0268876
v -0.391896 0 -0.023389
v -0.392348 0 -0.0198763
v -0.392738 0 -0.0163502
v -0.393067 0 -0.012811
v -0.393333 0 -0.00925926
v -0.393333 0 -0.00925926
v -0.393538 0 -0.00569561
v -0.393681 0 -0.00212089
v -0.393761 0 0.00146394
v -0.393781 0 0.00505794
v -0.393739 0 0.00866015
v -0.393636 0 0.0122696
v -0.393472 0 0.0158854
v -0.393248 0 0.0195066
v -0.392964 0 0.0231322
v -0.39262 0 0.0267612
v -0.392215 0 0.0303927
v -0.391752 0 0.0340258
v -0.391229 0 0.0376595
v -0.390647 0 0.0412929
v -0.390006 0 0.044925
v -0.389307 0 0.0485549
v -0.388549 0 0.0521815
v -0.387734 0 0.055804
v -0.38686 0 0.0594215
v -0.385929 0 0.0630329
v -0.384941 0 0.0666373
v -0.383896 0 0.0702337
v -0.382794 0 0.0738213
v -0.381635 0 0.077399
v -0.38042 0 0.0809659
v -0.379149 0 0.0845211
v -0.377822 0 0.0880636
v -0.37644 0 0.0915924
v -0.375002 0 0.0951066
v -0.37351 0 0.0986053
v -0.371962 0 0.102088
v -0.37036 0 0.105552
v -0.368704 0 0.108999
v -0.366993 0 0.112426
v -0.365229 0 0.115832
v -0.363411 0 0.119218
v -0.36154 0 0.122581
v -0.359615 0 0.125921
v -0.357638 0 0.129237
v -0.355608 0 0.132528
v -0.353526 0 0.135793
v -0.351392 0 0.139031
v -0.349206 0 0.142241
v -0.346968 0 0.145422
v -0.344679 0 0.148574
v -0.342339 0 0.151695
v -0.339948 0 0.154784
v -0.337507 0 0.15784
v -0.335015 0 0.160863
v -0.332473 0 0.163851
v -0.329881 0 0.166803
v -0.327239 0 0.16972
v -0.324548 0 0.172599
v -0.321808 0 0.175439
v -0.319019 0 0.17824
v -0.316182 0 0.181001
v -0.313296 0 0.183721
v -0.310361 0 0.186398
v -0.30738 0 0.189033
v -0.30435 0 0.191623
v -0.301273 0 0.194168
v -0.298149 0 0.196668
v -0.294977 0 0.19912
v -0.29176 0 0.201525
v -0.288496 0 0.203881
v -0.285185 0 0.206187
v -0.281829 0 0.208442
v -0.278427 0 0.210646
v -0.27498 0 0.212797
v -0.271487 0 0.214894
v -0.26795 0 0.216937
v -0.264368 0 0.218925
v -0.260741 0 0.220856
v -0.25707 0 0.222729
v -0.253356 0 0.224545
v -0.249597 0 0.226301
v -0.245796 0 0.227997
v -0.241951 0 0.229632
v -0.238063 0 0.231204
v -0.234132 0 0.232714
v -0.230159 0 0.234159
v -0.226144 0 0.23554
v -0.222087 0 0.236854
v -0.217988 0 0.238102
v -0.213847 0 0.239282
v -0.209666 0 0.240393
v -0.205443 0 0.241435
v -0.20118 0 0.242406
v -0.196876 0 0.243305
v -0.192532 0 0.244131
v -0.188148 0 0.244884
v -0.183724 0 0.245563
v -0.179261 0 0.246166
v -0.174759 0 0.246693
v -0.170217 0 0.247143
v -0.165637 0 0.247514
v -0.161018 0 0.247806
v -0.156362 0 0.248017
v -0.151667 0 0.248148
v -0.151667 0 0.248148
v -0.146934 0 0.248197
v -0.142166 0 0.248165
v -0.137363 0 0.248052
v -0.132527 0 0.24786
v -0.127661 0 0.24759
v -0.122765 0 0.247242
v -0.117841 0 0.246818
v -0.112891 0 0.246318
v -0.107917 0 0.245743
v -0.10292 0 0.245094
v -0.0979028 0 0.244373
v -0.0928658 0 0.243579
v -0.0878111 0 0.242714
v -0.0827405 0 0.241779
v -0.0776556 0 0.240775
v -0.0725581 0 0.239703
v -0.0674497 0 0.238563
v -0.062332 0 0.237356
v -0.0572067 0 0.236084
v -0.0520756 0 0.234747
v -0.0469402 0 0.233346
v -0.0418023 0 0.231882
v -0.0366636 0 0.230357
v -0.0315256 0 0.22877
v -0.0263901 0 0.227123
v -0.0212587 0 0.225417
v -0.0161332 0 0.223653
v -0.0110153 0 0.221831
v -0.00590645 0 0.219953
v -0.000808522 0 0.218019
v 0.00427686 0 0.21603
v 0.00934804 0 0.213988
v 0.0144033 0 0.211893
v 0.019441 0 0.209746
v 0.0244594 0 0.207548
v 0.029457 0 0.2053
v 0.0344319 0 0.203003
v 0.0393825 0 0.200657
v 0.0443072 0 0.198264
v 0.0492043 0 0.195825
v 0.054072 0 0.19334
v 0.0589088 0 0.19081
v 0.0637129 0 0.188237
v 0.0684827 0 0.185621
v 0.0732165 0 0.182963
v 0.0779125 0 0.180264
v 0.0825693 0 0.177526
v 0.0871849 0 0.174748
v 0.0917579 0 0.171931
v 0.0962864 0 0.169078
v 0.100769 0 0.166188
v 0.105204 0 0.163263
v 0.109589 0 0.160303
v 0.113923 0 0.157309
v 0.118205 0 0.154283
v 0.122432 0 0.151225
v 0.126602 0 0.148136
v 0.130715 0 0.145017
v 0.134769 0 0.141869
v 0.138761 0 0.138692
v 0.142691 0 0.135489
v 0.146556 0 0.132259
v 0.150355 0 0.129004
v 0.154086 0 0.125724
v 0.157747 0 0.122421
v 0.161337 0 0.119095
v 0.164855 0 0.115747
v 0.168298 0 0.112378
v 0.171664 0 0.10899
v 0.174953 0 0.105582
v 0.178162 0 0.102156
v 0.181289 0 0.0987133
v 0.184334 0 0.0952541
v 0.187294 0 0.0917795
v 0.190168 0 0.0882905
v 0.192954 0 0.0847879
v 0.19565 0 0.0812727
v 0.198255 0 0.0777457
v 0.200767 0 0.074208
v 0.203184 0 0.0706604
v 0.205505 0 0.0671038
v 0.207727 0 0.0635392
v 0.20985 0 0.0599674
v 0.211872 0 0.0563894
v 0.213791 0 0.052806
v 0.215604 0 0.0492183
v 0.217312 0 0.045627
v 0.218911 0 0.0420332
v 0.2204 0 0.0384378
v 0.221779 0 0.0348415
v 0.223043 0 0.0312455
v 0.224194 0 0.0276505
v 0.225227 0 0.0240575
v 0.226143 0 0.0204674
v 0.226938 0 0.0168812
v 0.227612 0 0.0132996
v 0.228163 0 0.00972378
v 0.228589 0 0.00615442
v 0.228889 0 0.00259259
