v 0.310833 0 0.182593
v 0.315424 0 0.177688
v 0.319919 0 0.172694
v 0.324318 0 0.167613
v 0.328623 0 0.162447
v 0.332832 0 0.157198
v 0.336946 0 0.151868
v 0.340965 0 0.146458
v 0.344888 0 0.140971
v 0.348717 0 0.135408
v 0.35245 0 0.129772
v 0.356089 0 0.124065
v 0.359633 0 0.118288
v 0.363081 0 0.112443
v 0.366435 0 0.106533
v 0.369694 0 0.100558
v 0.372858 0 0.0945221
v 0.375927 0 0.0884261
v 0.378902 0 0.082272
v 0.381782 0 0.0760619
v 0.384567 0 0.0697977
v 0.387258 0 0.0634814
v 0.389854 0 0.0571148
v 0.392356 0 0.0506999
v 0.394763 0 0.0442386
v 0.397075 0 0.037733
v 0.399294 0 0.0311848
v 0.401417 0 0.0245961
v 0.403447 0 0.0179688
v 0.405382 0 0.0113048
v 0.407223 0 0.0046061
v 0.40897 0 -0.00212537
v 0.410623 0 -0.00888775
v 0.412181 0 -0.015679
v 0.413645 0 -0.0224973
v 0.415016 0 -0.0293406
v 0.416292 0 -0.036207
v 0.417474 0 -0.0430945
v 0.418563 0 -0.0500013
v 0.419557 0 -0.0569255
v 0.420458 0 -0.0638649
v 0.421265 0 -0.0708178
v 0.421978 0 -0.0777821
v 0.422597 0 -0.084756
v 0.423123 0 -0.0917375
v 0.423555 0 -0.0987247
v 0.423893 0 -0.105716
v 0.424138 0 -0.112708
v 0.424289 0 -0.119701
v 0.424346 0 -0.126691
v 0.424311 0 -0.133678
v 0.424181 0 -0.140658
v 0.423959 0 -0.147631
v 0.423643 0 -0.154594
v 0.423234 0 -0.161545
v 0.422731 0 -0.168482
v 0.422136 0 -0.175404
v 0.421447 0 -0.182308
v 0.420665 0 -0.189192
v 0.419789 0 -0.196055
v 0.418821 0 -0.202895
v 0.41776 0 -0.209709
v 0.416606 0 -0.216496
v 0.415359 0 -0.223254
v 0.414018 0 -0.229981
v 0.412585 0 -0.236675
v 0.41106 0 -0.243333
v 0.409441 0 -0.249955
v 0.40773 0 -0.256538
v 0.405926 0 -0.26308
v 0.404029 0 -0.269579
v 0.40204 0 -0.276033
v 0.399958 0 -0.282441
v 0.397783 0 -0.2888
v 0.395516 0 -0.295109
v 0.393157 0 -0.301365
v 0.390705 0 -0.307567
v 0.38816 0 -0.313713
v 0.385524 0 -0.3198
v 0.382795 0 -0.325827
v 0.379973 0 -0.331792
v 0.37706 0 -0.337693
v 0.374054 0 -0.343528
v 0.370956 0 -0.349295
v 0.367766 0 -0.354992
v 0.364484 0 -0.360617
v 0.36111 0 -0.366168
v 0.357644 0 -0.371644
v 0.354086 0 -0.377042
v 0.350436 0 -0.38236
v 0.346694 0 -0.387597
v 0.34286 0 -0.39275
v 0.338935 0 -0.397818
v 0.334917 0 -0.402799
v 0.330808 0 -0.40769
v 0.326608 0 -0.412491
v 0.322315 0 -0.417198
v 0.317932 0 -0.42181
v 0.313456 0 -0.426325
v 0.308889 0 -0.430741
v 0.308889 0 -0.430741
v 0.304231 0 -0.435056
v 0.299483 0 -0.439271
v 0.294647 0 -0.443385
v 0.289725 0 -0.447399
v 0.28472 0 -0.451312
v 0.279632 0 -0.455125
v 0.274463 0 -0.458839
v 0.269216 0 -0.462452
v 0.263892 0 -0.465966
v 0.258494 0 -0.469381
v 0.253022 0 -0.472696
v 0.247479 0 -0.475912
v 0.241867 0 -0.479028
v 0.236187 0 -0.482046
v 0.230441 0 -0.484966
v 0.224632 0 -0.487786
v 0.218761 0 -0.490509
v 0.212829 0 -0.493133
v 0.206839 0 -0.495659
v 0.200793 0 -0.498087
v 0.194692 0 -0.500417
v 0.188538 0 -0.502649
v 0.182334 0 -0.504785
v 0.17608 0 -0.506822
v 0.169779 0 -0.508763
v 0.163433 0 -0.510607
v 0.157043 0 -0.512354
v 0.150611 0 -0.514004
v 0.144139 0 -0.515557
v 0.13763 0 -0.517014
v 0.131084 0 -0.518375
v 0.124504 0 -0.51964
v 0.117891 0 -0.520809
v 0.111248 0 -0.521883
v 0.104575 0 -0.52286
v 0.0978763 0 -0.523742
v 0.091152 0 -0.524529
v 0.0844045 0 -0.525221
v 0.0776354 0 -0.525818
v 0.0708467 0 -0.52632
v 0.0640404 0 -0.526727
v 0.057218 0 -0.52704
v 0.0503816 0 -0.527258
v 0.043533 0 -0.527383
v 0.036674 0 -0.527413
v 0.0298064 0 -0.527349
v 0.0229321 0 -0.527192
v 0.016053 0 -0.526941
v 0.0091708 0 -0.526596
v 0.00228748 0 -0.526158
v -0.00459517 0 -0.525628
v -0.0114753 0 -0.525004
v -0.0183512 0 -0.524287
v -0.0252208 0 -0.523478
v -0.0320824 0 -0.522576
v -0.0389341 0 -0.521582
v -0.045774 0 -0.520496
v -0.0526004 0 -0.519318
v -0.0594114 0 -0.518048
v -0.0662052 0 -0.516686
v -0.0729798 0 -0.515233
v -0.0797335 0 -0.513688
v -0.0864644 0 -0.512052
v -0.0931708 0 -0.510325
v -0.0998506 0 -0.508507
v -0.106502 0 -0.506598
v -0.113123 0 -0.504599
v -0.119713 0 -0.502509
v -0.126268 0 -0.500329
v -0.132788 0 -0.498058
v -0.13927 0 -0.495698
v -0.145713 0 -0.493248
v -0.152115 0 -0.490708
v -0.158474 0 -0.488079
v -0.164787 0 -0.48536
v -0.171054 0 -0.482552
v -0.177273 0 -0.479655
v -0.183441 0 -0.476669
v -0.189557 0 -0.473594
v -0.195618 0 -0.470431
v -0.201624 0 -0.46718
v -0.207572 0 -0.46384
v -0.21346 0 -0.460411
v -0.219287 0 -0.456895
v -0.22505 0 -0.453292
v -0.230748 0 -0.4496
v -0.236379 0 -0.445821
v -0.241942 0 -0.441955
v -0.247433 0 -0.438001
v -0.252853 0 -0.43396
v -0.258197 0 -0.429833
v -0.263466 0 -0.425619
v -0.268656 0 -0.421318
v -0.273766 0 -0.416931
v -0.278795 0 -0.412457
v -0.28374 0 -0.407898
v -0.2886 0 -0.403252
v -0.293372 0 -0.398521
v -0.298056 0 -0.393704
v -0.298056 0 -0.393704
v -0.302648 0 -0.388802
v -0.30715 0 -0.383816
v -0.31156 0 -0.378748
v -0.315879 0 -0.373601
v -0.320108 0 -0.368375
v -0.324244 0 -0.363073
v -0.32829 0 -0.357696
v -0.332244 0 -0.352247
v -0.336107 0 -0.346727
v -0.339879 0 -0.341137
v -0.343559 0 -0.335481
v -0.347147 0 -0.329759
v -0.350644 0 -0.323974
v -0.35405 0 -0.318127
v -0.357363 0 -0.31222
v -0.360585 0 -0.306255
v -0.363715 0 -0.300234
v -0.366754 0 -0.294158
v -0.3697 0 -0.28803
v -0.372555 0 -0.281851
v -0.375317 0 -0.275623
v -0.377988 0 -0.269348
v -0.380566 0 -0.263027
v -0.383052 0 -0.256664
v -0.385447 0 -0.250258
v -0.387749 0 -0.243813
v -0.389958 0 -0.23733
v -0.392076 0 -0.230811
v -0.394101 0 -0.224257
v -0.396033 0 -0.217671
v -0.397873 0 -0.211055
v -0.399621 0 -0.204409
v -0.401276 0 -0.197737
v -0.402838 0 -0.191039
v -0.404308 0 -0.184318
v -0.405685 0 -0.177575
v -0.406969 0 -0.170813
v -0.40816 0 -0.164033
v -0.409259 0 -0.157237
v -0.410264 0 -0.150427
v -0.411177 0 -0.143604
v -0.411997 0 -0.136771
v -0.412723 0 -0.129929
v -0.413357 0 -0.12308
v -0.413897 0 -0.116226
v -0.414344 0 -0.109369
v -0.414698 0 -0.102511
v -0.414958 0 -0.0956527
v -0.415125 0 -0.0887969
v -0.415199 0 -0.0819451
v -0.415179 0 -0.0750993
v -0.415066 0 -0.0682611
v -0.414859 0 -0.0614325
v -0.414558 0 -0.0546153
v -0.414164 0 -0.0478113
v -0.413676 0 -0.0410224
v -0.413094 0 -0.0342503
v -0.412419 0 -0.0274969
v -0.41165 0 -0.0207641
v -0.410786 0 -0.0140535
v -0.409829 0 -0.00736717
v -0.408778 0 -0.00070692
v -0.407632 0 0.00592562
v -0.406393 0 0.0125285
v -0.405059 0 0.0190998
v -0.403632 0 0.0256379
v -0.40211 0 0.0321407
v -0.400493 0 0.0386067
v -0.398782 0 0.0450337
v -0.396977 0 0.0514203
v -0.395078 0 0.0577643
v -0.393084 0 0.0640641
v -0.390995 0 0.0703177
v -0.388811 0 0.0765234
v -0.386533 0 0.0826794
v -0.384161 0 0.0887837
v -0.381693 0 0.0948346
v -0.379131 0 0.10083
v -0.376474 0 0.106769
v -0.373722 0 0.112649
v -0.370875 0 0.118468
v -0.367933 0 0.124224
v -0.364896 0 0.129916
v -0.361764 0 0.135542
v -0.358536 0 0.1411
v -0.355214 0 0.146588
v -0.351796 0 0.152004
v -0.348283 0 0.157346
v -0.344674 0 0.162614
v -0.34097 0 0.167804
v -0.337171 0 0.172915
v -0.333276 0 0.177945
v -0.329286 0 0.182893
v -0.325199 0 0.187756
v -0.321018 0 0.192533
v -0.31674 0 0.197222
v -0.312367 0 0.20182
v -0.307898 0 0.206327
v -0.303333 0 0.210741
v -0.303333 0 0.210741
v -0.298673 0 0.215059
v -0.293918 0 0.219282
v -0.289072 0 0.223409
v -0.284135 0 0.227441
v -0.279111 0 0.231378
v -0.274 0 0.235219
v -0.268804 0 0.238966
v -0.263527 0 0.242617
v -0.258169 0 0.246173
v -0.252732 0 0.249634
v -0.247219 0 0.253001
v -0.241631 0 0.256272
v -0.23597 0 0.259448
v -0.230239 0 0.262529
v -0.224439 0 0.265516
v -0.218571 0 0.268408
v -0.212639 0 0.271205
v -0.206644 0 0.273907
v -0.200588 0 0.276515
v -0.194472 0 0.279028
v -0.188299 0 0.281447
v -0.182071 0 0.283771
v -0.17579 0 0.286001
v -0.169457 0 0.288136
v -0.163074 0 0.290177
v -0.156644 0 0.292124
v -0.150168 0 0.293976
v -0.143649 0 0.295735
v -0.137088 0 0.297399
v -0.130486 0 0.298969
v -0.123847 0 0.300444
v -0.117172 0 0.301826
v -0.110463 0 0.303114
v -0.103722 0 0.304308
v -0.0969501 0 0.305408
v -0.0901503 0 0.306414
v -0.0833241 0 0.307326
v -0.0764735 0 0.308145
v -0.0696005 0 0.308869
v -0.0627069 0 0.3095
v -0.0557947 0 0.310038
v -0.0488658 0 0.310482
v -0.0419222 0 0.310832
v -0.0349657 0 0.311089
v -0.0279984 0 0.311253
v -0.0210221 0 0.311323
v -0.0140388 0 0.3113
v -0.00705037 0 0.311183
v -5.88422e-05 0 0.310973
v 0.00693392 0 0.31067
v 0.013926 0 0.310274
v 0.0209153 0 0.309785
v 0.0279002 0 0.309202
v 0.0348786 0 0.308527
v 0.0418484 0 0.307758
v 0.0488079 0 0.306897
v 0.0557551 0 0.305943
v 0.0626881 0 0.304896
v 0.0696049 0 0.303756
v 0.0765036 0 0.302523
v 0.0833823 0 0.301198
v 0.0902389 0 0.29978
v 0.0970717 0 0.298269
v 0.103879 0 0.296666
v 0.110658 0 0.294971
v 0.117407 0 0.293182
v 0.124125 0 0.291302
v 0.13081 0 0.289329
v 0.137458 0 0.287264
v 0.14407 0 0.285106
v 0.150642 0 0.282856
v 0.157173 0 0.280514
v 0.16366 0 0.27808
v 0.170102 0 0.275553
v 0.176498 0 0.272935
v 0.182844 0 0.270225
v 0.189139 0 0.267422
v 0.195382 0 0.264528
v 0.201569 0 0.261542
v 0.2077 0 0.258464
v 0.213772 0 0.255294
v 0.219784 0 0.252032
v 0.225733 0 0.248679
v 0.231617 0 0.245234
v 0.237435 0 0.241697
v 0.243185 0 0.238069
v 0.248865 0 0.23435
v 0.254472 0 0.230539
v 0.260005 0 0.226636
v 0.265462 0 0.222642
v 0.270841 0 0.218557
v 0.27614 0 0.21438
v 0.281357 0 0.210113
v 0.286491 0 0.205754
v 0.291539 0 0.201304
v 0.296499 0 0.196762
v 0.301369 0 0.19213
v 0.306148 0 0.187407
v 0.310833 0 0.182593
