v -0.0827778 0 0.381111
v -0.0829122 0 0.37748
v -0.083113 0 0.373793
v -0.0833797 0 0.370052
v -0.0837118 0 0.366259
v -0.0841085 0 0.362416
v -0.0845694 0 0.358525
v -0.0850938 0 0.354587
v -0.0856813 0 0.350606
v -0.0863313 0 0.346583
v -0.0870431 0 0.342519
v -0.0878163 0 0.338417
v -0.0886501 0 0.334279
v -0.0895442 0 0.330106
v -0.0904979 0 0.325901
v -0.0915106 0 0.321665
v -0.0925818 0 0.317401
v -0.0937109 0 0.31311
v -0.0948973 0 0.308795
v -0.0961405 0 0.304457
v -0.0974399 0 0.300099
v -0.0987949 0 0.295721
v -0.100205 0 0.291327
v -0.10167 0 0.286918
v -0.103188 0 0.282496
v -0.10476 0 0.278063
v -0.106385 0 0.273622
v -0.108061 0 0.269173
v -0.10979 0 0.264719
v -0.111569 0 0.260262
v -0.1134 0 0.255804
v -0.11528 0 0.251346
v -0.117209 0 0.246892
v -0.119187 0 0.242442
v -0.121214 0 0.237998
v -0.123288 0 0.233564
v -0.125409 0 0.22914
v -0.127577 0 0.224728
v -0.129791 0 0.220331
v -0.13205 0 0.21595
v -0.134354 0 0.211588
v -0.136702 0 0.207246
v -0.139094 0 0.202926
v -0.141529 0 0.19863
v -0.144006 0 0.194361
v -0.146526 0 0.19012
v -0.149087 0 0.185909
v -0.151689 0 0.18173
v -0.154331 0 0.177585
v -0.157012 0 0.173476
v -0.159733 0 0.169404
v -0.162493 0 0.165373
v -0.16529 0 0.161384
v -0.168125 0 0.157438
v -0.170997 0 0.153538
v -0.173905 0 0.149686
v -0.176849 0 0.145883
v -0.179828 0 0.142132
v -0.182842 0 0.138434
v -0.185889 0 0.134792
v -0.18897 0 0.131207
v -0.192084 0 0.127682
v -0.195231 0 0.124218
v -0.198409 0 0.120818
v -0.201618 0 0.117482
v -0.204858 0 0.114214
v -0.208128 0 0.111015
v -0.211427 0 0.107887
v -0.214755 0 0.104832
v -0.218112 0 0.101853
v -0.221496 0 0.0989499
v -0.224908 0 0.0961261
v -0.228346 0 0.0933831
v -0.23181 0 0.0907231
v -0.2353 0 0.0881477
v -0.238815 0 0.0856591
v -0.242354 0 0.0832593
v -0.245916 0 0.08095
v -0.249502 0 0.0787334
v -0.253111 0 0.0766114
v -0.256742 0 0.0745859
v -0.260394 0 0.0726588
v -0.264068 0 0.0708322
v -0.267761 0 0.0691079
v -0.271475 0 0.067488
v -0.275207 0 0.0659744
v -0.278959 0 0.0645689
v -0.282728 0 0.0632737
v -0.286515 0 0.0620906
v -0.290319 0 0.0610217
v -0.294139 0 0.0600687
v -0.297976 0 0.0592338
v -0.301827 0 0.0585189
v -0.305693 0 0.0579258
v -0.309573 0 0.0574566
v -0.313467 0 0.0571132
v -0.317374 0 0.0568976
v -0.321293 0 0.0568118
v -0.325224 0 0.0568576
v -0.329167 0 0.057037
v -0.329167 0 0.057037
v -0.33312 0 0.0573514
v -0.337082 0 0.0577993
v -0.341054 0 0.0583787
v -0.345032 0 0.0590875
v -0.349018 0 0.0599237
v -0.353009 0 0.0608851
v -0.357004 0 0.0619699
v -0.361003 0 0.0631758
v -0.365004 0 0.0645009
v -0.369007 0 0.0659431
v -0.373009 0 0.0675004
v -0.377012 0 0.0691706
v -0.381012 0 0.0709518
v -0.385009 0 0.0728418
v -0.389003 0 0.0748387
v -0.392991 0 0.0769404
v -0.396974 0 0.0791447
v -0.400949 0 0.0814498
v -0.404917 0 0.0838534
v -0.408875 0 0.0863536
v -0.412824 0 0.0889483
v -0.416761 0 0.0916354
v -0.420686 0 0.094413
v -0.424597 0 0.0972788
v -0.428495 0 0.100231
v -0.432377 0 0.103267
v -0.436242 0 0.106386
v -0.44009 0 0.109585
v -0.44392 0 0.112861
v -0.44773 0 0.116214
v -0.45152 0 0.119641
v -0.455288 0 0.123139
v -0.459033 0 0.126708
v -0.462755 0 0.130344
v -0.466451 0 0.134046
v -0.470122 0 0.137812
v -0.473767 0 0.141639
v -0.477383 0 0.145526
v -0.480971 0 0.14947
v -0.484528 0 0.15347
v -0.488055 0 0.157523
v -0.491549 0 0.161628
v -0.495011 0 0.165782
v -0.498438 0 0.169983
v -0.50183 0 0.17423
v -0.505186 0 0.178519
v -0.508505 0 0.18285
v -0.511785 0 0.187219
v -0.515027 0 0.191626
v -0.518227 0 0.196068
v -0.521386 0 0.200542
v -0.524503 0 0.205047
v -0.527577 0 0.209581
v -0.530605 0 0.214142
v -0.533589 0 0.218727
v -0.536525 0 0.223335
v -0.539414 0 0.227964
v -0.542254 0 0.232611
v -0.545045 0 0.237274
v -0.547784 0 0.241952
v -0.550472 0 0.246642
v -0.553107 0 0.251343
v -0.555688 0 0.256051
v -0.558214 0 0.260766
v -0.560684 0 0.265485
v -0.563097 0 0.270206
v -0.565452 0 0.274927
v -0.567747 0 0.279646
v -0.569983 0 0.28436
v -0.572157 0 0.289069
v -0.574269 0 0.293769
v -0.576318 0 0.29846
v -0.578302 0 0.303137
v -0.580221 0 0.307801
v -0.582073 0 0.312448
v -0.583858 0 0.317076
v -0.585575 0 0.321684
v -0.587222 0 0.32627
v -0.588798 0 0.33083
v -0.590302 0 0.335364
v -0.591734 0 0.33987
v -0.593093 0 0.344344
v -0.594376 0 0.348785
v -0.595583 0 0.353192
v -0.596714 0 0.357562
v -0.597767 0 0.361892
v -0.598741 0 0.366182
v -0.599635 0 0.370428
v -0.600447 0 0.374629
v -0.601178 0 0.378783
v -0.601826 0 0.382888
v -0.602389 0 0.386941
v -0.602867 0 0.390941
v -0.603259 0 0.394886
v -0.603564 0 0.398773
v -0.60378 0 0.4026
v -0.603907 0 0.406365
v -0.603944 0 0.410068
v -0.603889 0 0.413704
v -0.603889 0 0.413704
v -0.603742 0 0.417273
v -0.603503 0 0.420774
v -0.603174 0 0.424209
v -0.602756 0 0.427578
v -0.60225 0 0.430882
v -0.601657 0 0.434121
v -0.600977 0 0.437295
v -0.600213 0 0.440406
v -0.599365 0 0.443453
v -0.598434 0 0.446438
v -0.597422 0 0.449361
v -0.596328 0 0.452223
v -0.595156 0 0.455024
v -0.593905 0 0.457765
v -0.592576 0 0.460446
v -0.591172 0 0.463068
v -0.589692 0 0.465632
v -0.588138 0 0.468137
v -0.586511 0 0.470586
v -0.584812 0 0.472978
v -0.583043 0 0.475313
v -0.581203 0 0.477593
v -0.579295 0 0.479818
v -0.57732 0 0.481989
v -0.575278 0 0.484106
v -0.57317 0 0.48617
v -0.570998 0 0.488182
v -0.568763 0 0.490141
v -0.566466 0 0.492049
v -0.564108 0 0.493906
v -0.561689 0 0.495712
v -0.559212 0 0.497469
v -0.556677 0 0.499177
v -0.554085 0 0.500836
v -0.551438 0 0.502448
v -0.548736 0 0.504012
v -0.54598 0 0.505529
v -0.543172 0 0.507
v -0.540313 0 0.508426
v -0.537404 0 0.509806
v -0.534445 0 0.511142
v -0.531438 0 0.512434
v -0.528385 0 0.513683
v -0.525285 0 0.51489
v -0.522141 0 0.516054
v -0.518952 0 0.517176
v -0.515722 0 0.518258
v -0.512449 0 0.519299
v -0.509136 0 0.520301
v -0.505784 0 0.521263
v -0.502394 0 0.522187
v -0.498966 0 0.523073
v -0.495502 0 0.523921
v -0.492003 0 0.524733
v -0.48847 0 0.525508
v -0.484904 0 0.526248
v -0.481307 0 0.526953
v -0.477678 0 0.527623
v -0.47402 0 0.528259
v -0.470334 0 0.528861
v -0.466619 0 0.529431
v -0.462879 0 0.529969
v -0.459113 0 0.530476
v -0.455323 0 0.530951
v -0.45151 0 0.531396
v -0.447675 0 0.531811
v -0.443819 0 0.532196
v -0.439943 0 0.532554
v -0.436048 0 0.532883
v -0.432135 0 0.533184
v -0.428206 0 0.533459
v -0.424261 0 0.533707
v -0.420302 0 0.53393
v -0.416329 0 0.534127
v -0.412344 0 0.5343
v -0.408348 0 0.534449
v -0.404342 0 0.534574
v -0.400327 0 0.534677
v -0.396303 0 0.534757
v -0.392273 0 0.534816
v -0.388237 0 0.534853
v -0.384196 0 0.53487
v -0.380152 0 0.534868
v -0.376105 0 0.534845
v -0.372057 0 0.534805
v -0.368008 0 0.534746
v -0.36396 0 0.534669
v -0.359914 0 0.534576
v -0.355871 0 0.534466
v -0.351831 0 0.53434
v -0.347797 0 0.534199
v -0.343769 0 0.534043
v -0.339747 0 0.533873
v -0.335735 0 0.53369
v -0.331731 0 0.533494
v -0.327738 0 0.533286
v -0.323757 0 0.533066
v -0.319788 0 0.532834
v -0.315833 0 0.532593
v -0.315833 0 0.532593
v -0.311893 0 0.532341
v -0.307968 0 0.532078
v -0.304059 0 0.531805
v -0.300166 0 0.53152
v -0.29629 0 0.531223
v -0.292432 0 0.530914
v -0.288591 0 0.530592
v -0.284769 0 0.530257
v -0.280966 0 0.529908
v -0.277183 0 0.529544
v -0.273419 0 0.529166
v -0.269677 0 0.528772
v -0.265955 0 0.528363
v -0.262255 0 0.527937
v -0.258577 0 0.527495
v -0.254922 0 0.527035
v -0.25129 0 0.526558
v -0.247682 0 0.526062
v -0.244098 0 0.525548
v -0.240539 0 0.525015
v -0.237005 0 0.524462
v -0.233498 0 0.523889
v -0.230016 0 0.523295
v -0.226562 0 0.52268
v -0.223135 0 0.522044
v -0.219735 0 0.521385
v -0.216365 0 0.520704
v -0.213023 0 0.52
v -0.209711 0 0.519273
v -0.206429 0 0.518521
v -0.203178 0 0.517745
v -0.199958 0 0.516944
v -0.19677 0 0.516118
v -0.193613 0 0.515266
v -0.19049 0 0.514387
v -0.187399 0 0.513481
v -0.184343 0 0.512548
v -0.181321 0 0.511588
v -0.178333 0 0.510598
v -0.175381 0 0.50958
v -0.172465 0 0.508533
v -0.169585 0 0.507456
v -0.166743 0 0.506349
v -0.163937 0 0.505211
v -0.16117 0 0.504041
v -0.158441 0 0.50284
v -0.155751 0 0.501607
v -0.153101 0 0.500341
v -0.150491 0 0.499042
v -0.147922 0 0.497709
v -0.145394 0 0.496342
v -0.142907 0 0.494941
v -0.140463 0 0.493504
v -0.138061 0 0.492032
v -0.135703 0 0.490523
v -0.133388 0 0.488978
v -0.131118 0 0.487397
v -0.128892 0 0.485777
v -0.126713 0 0.48412
v -0.124578 0 0.482424
v -0.122491 0 0.480689
v -0.12045 0 0.478914
v -0.118457 0 0.4771
v -0.116512 0 0.475246
v -0.114615 0 0.47335
v -0.112767 0 0.471413
v -0.11097 0 0.469434
v -0.109222 0 0.467413
v -0.107525 0 0.465349
v -0.105878 0 0.463241
v -0.104284 0 0.46109
v -0.102742 0 0.458895
v -0.101253 0 0.456655
v -0.0998168 0 0.454369
v -0.0984345 0 0.452038
v -0.0971067 0 0.44966
v -0.0958337 0 0.447236
v -0.0946161 0 0.444765
v -0.0934545 0 0.442246
v -0.0923493 0 0.439679
v -0.091301 0 0.437063
v -0.0903103 0 0.434398
v -0.0893776 0 0.431683
v -0.0885035 0 0.428919
v -0.0876885 0 0.426104
v -0.0869331 0 0.423238
v -0.0862378 0 0.42032
v -0.0856032 0 0.41735
v -0.0850298 0 0.414328
v -0.0845181 0 0.411252
v -0.0840687 0 0.408124
v -0.0836821 0 0.404941
v -0.0833587 0 0.401704
v -0.0830992 0 0.398412
v -0.0829041 0 0.395064
v -0.0827739 0 0.391661
v -0.082709 0 0.388202
v -0.0827102 0 0.384685
v -0.0827778 0 0.381111
