v 0.0541667 0 0.252963
v 0.0528681 0 0.250958
v 0.051482 0 0.248962
v 0.0500101 0 0.246974
v 0.0484541 0 0.244996
v 0.0468158 0 0.243028
v 0.0450969 0 0.24107
v 0.0432992 0 0.239123
v 0.0414243 0 0.237187
v 0.0394741 0 0.235264
v 0.0374502 0 0.233352
v 0.0353544 0 0.231454
v 0.0331884 0 0.229569
v 0.030954 0 0.227698
v 0.0286528 0 0.225841
v 0.0262867 0 0.223999
v 0.0238574 0 0.222173
v 0.0213666 0 0.220362
v 0.018816 0 0.218568
v 0.0162075 0 0.21679
v 0.0135426 0 0.21503
v 0.0108232 0 0.213288
v 0.00805099 0 0.211564
v 0.0052277 0 0.209859
v 0.00235506 0 0.208173
v -0.000565142 0 0.206507
v -0.00353123 0 0.204861
v -0.00654145 0 0.203236
v -0.00959404 0 0.201632
v -0.0126873 0 0.20005
v -0.0158195 0 0.198491
v -0.0189888 0 0.196954
v -0.0221936 0 0.19544
v -0.0254321 0 0.193951
v -0.0287026 0 0.192485
v -0.0320033 0 0.191044
v -0.0353325 0 0.189629
v -0.0386884 0 0.188239
v -0.0420694 0 0.186875
v -0.0454737 0 0.185539
v -0.0488995 0 0.184229
v -0.0523451 0 0.182947
v -0.0558088 0 0.181694
v -0.0592889 0 0.180469
v -0.0627835 0 0.179273
v -0.066291 0 0.178107
v -0.0698096 0 0.176971
v -0.0733377 0 0.175866
v -0.0768734 0 0.174792
v -0.080415 0 0.17375
v -0.0839608 0 0.17274
v -0.0875091 0 0.171762
v -0.091058 0 0.170818
v -0.094606 0 0.169908
v -0.0981512 0 0.169031
v -0.101692 0 0.168189
v -0.105226 0 0.167383
v -0.108753 0 0.166612
v -0.112269 0 0.165877
v -0.115775 0 0.165179
v -0.119267 0 0.164517
v -0.122744 0 0.163894
v -0.126205 0 0.163309
v -0.129647 0 0.162762
v -0.133069 0 0.162254
v -0.136469 0 0.161786
v -0.139846 0 0.161358
v -0.143197 0 0.160971
v -0.146521 0 0.160624
v -0.149816 0 0.16032
v -0.153081 0 0.160057
v -0.156314 0 0.159837
v -0.159512 0 0.15966
v -0.162675 0 0.159526
v -0.1658 0 0.159437
v -0.168886 0 0.159392
v -0.171931 0 0.159392
v -0.174934 0 0.159438
v -0.177892 0 0.159529
v -0.180803 0 0.159667
v -0.183667 0 0.159853
v -0.186481 0 0.160085
v -0.189244 0 0.160366
v -0.191954 0 0.160695
v -0.194609 0 0.161074
v -0.197207 0 0.161501
v -0.199747 0 0.161979
v -0.202227 0 0.162507
v -0.204645 0 0.163086
v -0.206999 0 0.163717
v -0.209288 0 0.1644
v -0.21151 0 0.165135
v -0.213664 0 0.165923
v -0.215747 0 0.166764
v -0.217757 0 0.16766
v -0.219694 0 0.168609
v -0.221555 0 0.169614
v -0.223339 0 0.170674
v -0.225043 0 0.17179
v -0.226667 0 0.172963
v -0.226667 0 0.172963
v -0.228208 0 0.174192
v -0.229667 0 0.175477
v -0.231046 0 0.176816
v -0.232344 0 0.178209
v -0.233562 0 0.179653
v -0.234702 0 0.181148
v -0.235763 0 0.182693
v -0.236748 0 0.184286
v -0.237655 0 0.185926
v -0.238487 0 0.187612
v -0.239244 0 0.189343
v -0.239927 0 0.191117
v -0.240537 0 0.192933
v -0.241074 0 0.19479
v -0.241538 0 0.196687
v -0.241932 0 0.198622
v -0.242256 0 0.200595
v -0.242509 0 0.202603
v -0.242694 0 0.204646
v -0.242811 0 0.206723
v -0.242861 0 0.208832
v -0.242844 0 0.210972
v -0.242761 0 0.213142
v -0.242614 0 0.215341
v -0.242402 0 0.217567
v -0.242127 0 0.219819
v -0.241789 0 0.222096
v -0.241389 0 0.224397
v -0.240928 0 0.226721
v -0.240406 0 0.229065
v -0.239825 0 0.23143
v -0.239186 0 0.233813
v -0.238488 0 0.236214
v -0.237732 0 0.238631
v -0.236921 0 0.241064
v -0.236053 0 0.24351
v -0.235131 0 0.245969
v -0.234154 0 0.248439
v -0.233123 0 0.250919
v -0.232041 0 0.253409
v -0.230906 0 0.255906
v -0.22972 0 0.258409
v -0.228483 0 0.260918
v -0.227197 0 0.263431
v -0.225862 0 0.265947
v -0.224479 0 0.268464
v -0.223049 0 0.270981
v -0.221572 0 0.273498
v -0.220049 0 0.276012
v -0.218481 0 0.278524
v -0.216869 0 0.28103
v -0.215214 0 0.283531
v -0.213516 0 0.286025
v -0.211776 0 0.28851
v -0.209994 0 0.290986
v -0.208173 0 0.293451
v -0.206311 0 0.295905
v -0.204411 0 0.298345
v -0.202473 0 0.30077
v -0.200497 0 0.30318
v -0.198484 0 0.305573
v -0.196436 0 0.307948
v -0.194353 0 0.310304
v -0.192236 0 0.312639
v -0.190085 0 0.314953
v -0.187901 0 0.317243
v -0.185686 0 0.319509
v -0.183439 0 0.321749
v -0.181162 0 0.323963
v -0.178855 0 0.326149
v -0.176519 0 0.328306
v -0.174155 0 0.330432
v -0.171763 0 0.332526
v -0.169346 0 0.334588
v -0.166902 0 0.336616
v -0.164433 0 0.338608
v -0.16194 0 0.340564
v -0.159423 0 0.342482
v -0.156884 0 0.344361
v -0.154323 0 0.3462
v -0.15174 0 0.347997
v -0.149137 0 0.349751
v -0.146514 0 0.351462
v -0.143872 0 0.353127
v -0.141213 0 0.354746
v -0.138536 0 0.356318
v -0.135842 0 0.35784
v -0.133132 0 0.359313
v -0.130407 0 0.360734
v -0.127668 0 0.362102
v -0.124916 0 0.363417
v -0.122151 0 0.364677
v -0.119373 0 0.36588
v -0.116585 0 0.367026
v -0.113786 0 0.368114
v -0.110977 0 0.369141
v -0.108159 0 0.370108
v -0.105333 0 0.371012
v -0.1025 0 0.371852
v -0.1025 0 0.371852
v -0.0996601 0 0.372628
v -0.0968146 0 0.373339
v -0.0939644 0 0.373988
v -0.0911105 0 0.374573
v -0.0882538 0 0.375097
v -0.0853953 0 0.37556
v -0.082536 0 0.375962
v -0.0796768 0 0.376304
v -0.0768188 0 0.376588
v -0.0739629 0 0.376813
v -0.07111 0 0.376981
v -0.0682611 0 0.377092
v -0.0654172 0 0.377147
v -0.0625793 0 0.377146
v -0.0597483 0 0.377091
v -0.0569253 0 0.376983
v -0.054111 0 0.376821
v -0.0513067 0 0.376607
v -0.0485131 0 0.376341
v -0.0457313 0 0.376025
v -0.0429622 0 0.375658
v -0.0402069 0 0.375242
v -0.0374663 0 0.374777
v -0.0347412 0 0.374264
v -0.0320329 0 0.373704
v -0.0293421 0 0.373098
v -0.0266698 0 0.372445
v -0.0240171 0 0.371748
v -0.0213848 0 0.371007
v -0.0187741 0 0.370222
v -0.0161857 0 0.369394
v -0.0136208 0 0.368524
v -0.0110802 0 0.367613
v -0.00856503 0 0.366661
v -0.0060761 0 0.36567
v -0.00361445 0 0.364639
v -0.00118105 0 0.36357
v 0.00122313 0 0.362463
v 0.00359715 0 0.36132
v 0.00594002 0 0.36014
v 0.00825074 0 0.358925
v 0.0105284 0 0.357675
v 0.012772 0 0.356391
v 0.0149806 0 0.355074
v 0.0171531 0 0.353724
v 0.0192888 0 0.352343
v 0.0213865 0 0.350931
v 0.0234452 0 0.349488
v 0.0254641 0 0.348016
v 0.0274422 0 0.346514
v 0.0293785 0 0.344985
v 0.0312719 0 0.343429
v 0.0331217 0 0.341846
v 0.0349268 0 0.340236
v 0.0366861 0 0.338602
v 0.0383988 0 0.336944
v 0.0400639 0 0.335261
v 0.0416804 0 0.333556
v 0.0432473 0 0.331829
v 0.0447637 0 0.33008
v 0.0462287 0 0.32831
v 0.0476411 0 0.326521
v 0.0490001 0 0.324712
v 0.0503048 0 0.322884
v 0.051554 0 0.321039
v 0.0527469 0 0.319177
v 0.0538825 0 0.317298
v 0.0549599 0 0.315404
v 0.0559779 0 0.313495
v 0.0569358 0 0.311572
v 0.0578325 0 0.309635
v 0.058667 0 0.307686
v 0.0594384 0 0.305725
v 0.0601458 0 0.303753
v 0.0607881 0 0.30177
v 0.0613643 0 0.299778
v 0.0618736 0 0.297776
v 0.0623149 0 0.295767
v 0.0626872 0 0.293749
v 0.0629897 0 0.291726
v 0.0632213 0 0.289696
v 0.063381 0 0.28766
v 0.0634679 0 0.28562
v 0.0634811 0 0.283577
v 0.0634195 0 0.28153
v 0.0632822 0 0.279481
v 0.0630683 0 0.27743
v 0.0627766 0 0.275379
v 0.0624064 0 0.273327
v 0.0619565 0 0.271276
v 0.0614262 0 0.269226
v 0.0608142 0 0.267178
v 0.0601198 0 0.265133
v 0.0593419 0 0.263092
v 0.0584796 0 0.261055
v 0.0575319 0 0.259022
v 0.0564978 0 0.256996
v 0.0553764 0 0.254976
v 0.0541667 0 0.252963
