v 0.250556 0 0.225185
v 0.256014 0 0.218988
v 0.261413 0 0.212698
v 0.26675 0 0.206317
v 0.272025 0 0.199848
v 0.277236 0 0.193294
v 0.282382 0 0.186655
v 0.287462 0 0.179934
v 0.292474 0 0.173134
v 0.297418 0 0.166256
v 0.302293 0 0.159303
v 0.307096 0 0.152277
v 0.311827 0 0.14518
v 0.316484 0 0.138014
v 0.321067 0 0.130782
v 0.325574 0 0.123485
v 0.330003 0 0.116125
v 0.334355 0 0.108706
v 0.338626 0 0.101228
v 0.342817 0 0.093695
v 0.346926 0 0.086108
v 0.350952 0 0.0784697
v 0.354893 0 0.0707819
v 0.358749 0 0.063047
v 0.362518 0 0.0552671
v 0.366198 0 0.0474444
v 0.36979 0 0.039581
v 0.37329 0 0.031679
v 0.376699 0 0.0237408
v 0.380015 0 0.0157684
v 0.383237 0 0.00776395
v 0.386364 0 -0.000270328
v 0.389393 0 -0.00833229
v 0.392325 0 -0.0164198
v 0.395158 0 -0.0245306
v 0.39789 0 -0.0326626
v 0.400521 0 -0.0408137
v 0.40305 0 -0.0489815
v 0.405474 0 -0.0571641
v 0.407793 0 -0.0653593
v 0.410006 0 -0.0735648
v 0.412111 0 -0.0817785
v 0.414107 0 -0.0899982
v 0.415993 0 -0.0982219
v 0.417768 0 -0.106447
v 0.41943 0 -0.114672
v 0.420979 0 -0.122894
v 0.422413 0 -0.131112
v 0.42373 0 -0.139322
v 0.42493 0 -0.147524
v 0.426012 0 -0.155714
v 0.426974 0 -0.163891
v 0.427815 0 -0.172052
v 0.428533 0 -0.180195
v 0.429128 0 -0.188318
v 0.429598 0 -0.19642
v 0.429943 0 -0.204497
v 0.43016 0 -0.212547
v 0.430249 0 -0.220569
v 0.430208 0 -0.228561
v 0.430037 0 -0.236519
v 0.429733 0 -0.244442
v 0.429297 0 -0.252328
v 0.428726 0 -0.260175
v 0.428019 0 -0.26798
v 0.427175 0 -0.275741
v 0.426193 0 -0.283457
v 0.425072 0 -0.291124
v 0.423811 0 -0.298741
v 0.422407 0 -0.306306
v 0.420861 0 -0.313816
v 0.41917 0 -0.321269
v 0.417334 0 -0.328664
v 0.415351 0 -0.335997
v 0.413221 0 -0.343268
v 0.410941 0 -0.350473
v 0.408511 0 -0.35761
v 0.40593 0 -0.364678
v 0.403196 0 -0.371673
v 0.400307 0 -0.378595
v 0.397264 0 -0.385441
v 0.394064 0 -0.392208
v 0.390707 0 -0.398894
v 0.387191 0 -0.405498
v 0.383514 0 -0.412017
v 0.379677 0 -0.418449
v 0.375677 0 -0.424792
v 0.371513 0 -0.431044
v 0.367184 0 -0.437202
v 0.362689 0 -0.443264
v 0.358027 0 -0.449228
v 0.353196 0 -0.455093
v 0.348195 0 -0.460855
v 0.343024 0 -0.466513
v 0.33768 0 -0.472064
v 0.332162 0 -0.477507
v 0.32647 0 -0.482839
v 0.320602 0 -0.488058
v 0.314557 0 -0.493162
v 0.308333 0 -0.498148
v 0.308333 0 -0.498148
v 0.301931 0 -0.503015
v 0.295353 0 -0.507763
v 0.288603 0 -0.512392
v 0.281685 0 -0.516902
v 0.274602 0 -0.521293
v 0.267359 0 -0.525565
v 0.259959 0 -0.529719
v 0.252406 0 -0.533754
v 0.244704 0 -0.537671
v 0.236856 0 -0.54147
v 0.228867 0 -0.545151
v 0.22074 0 -0.548714
v 0.212479 0 -0.552159
v 0.204087 0 -0.555487
v 0.19557 0 -0.558698
v 0.186929 0 -0.561791
v 0.17817 0 -0.564767
v 0.169296 0 -0.567627
v 0.16031 0 -0.57037
v 0.151217 0 -0.572996
v 0.142021 0 -0.575506
v 0.132724 0 -0.577899
v 0.123332 0 -0.580177
v 0.113847 0 -0.582338
v 0.104274 0 -0.584384
v 0.0946161 0 -0.586314
v 0.0848773 0 -0.588128
v 0.0750615 0 -0.589827
v 0.0651723 0 -0.591411
v 0.0552137 0 -0.59288
v 0.0451894 0 -0.594234
v 0.0351031 0 -0.595473
v 0.0249588 0 -0.596598
v 0.0147603 0 -0.597608
v 0.00451117 0 -0.598504
v -0.00578469 0 -0.599286
v -0.0161234 0 -0.599954
v -0.0265012 0 -0.600508
v -0.0369145 0 -0.600949
v -0.0473592 0 -0.601276
v -0.0578316 0 -0.601489
v -0.068328 0 -0.60159
v -0.0788445 0 -0.601577
v -0.0893774 0 -0.601452
v -0.0999228 0 -0.601213
v -0.110477 0 -0.600862
v -0.121036 0 -0.600399
v -0.131596 0 -0.599824
v -0.142154 0 -0.599136
v -0.152705 0 -0.598336
v -0.163246 0 -0.597425
v -0.173773 0 -0.596402
v -0.184282 0 -0.595267
v -0.19477 0 -0.594021
v -0.205232 0 -0.592664
v -0.215665 0 -0.591195
v -0.226064 0 -0.589616
v -0.236427 0 -0.587926
v -0.24675 0 -0.586126
v -0.257028 0 -0.584215
v -0.267258 0 -0.582194
v -0.277436 0 -0.580063
v -0.287558 0 -0.577821
v -0.29762 0 -0.57547
v -0.307619 0 -0.573009
v -0.317551 0 -0.570439
v -0.327412 0 -0.567759
v -0.337199 0 -0.56497
v -0.346906 0 -0.562072
v -0.356532 0 -0.559066
v -0.366071 0 -0.55595
v -0.37552 0 -0.552726
v -0.384875 0 -0.549393
v -0.394133 0 -0.545952
v -0.40329 0 -0.542403
v -0.412342 0 -0.538746
v -0.421284 0 -0.534981
v -0.430114 0 -0.531109
v -0.438827 0 -0.527129
v -0.44742 0 -0.523042
v -0.455889 0 -0.518847
v -0.46423 0 -0.514545
v -0.472439 0 -0.510137
v -0.480513 0 -0.505621
v -0.488447 0 -0.500999
v -0.496239 0 -0.496271
v -0.503883 0 -0.491436
v -0.511377 0 -0.486495
v -0.518716 0 -0.481449
v -0.525897 0 -0.476296
v -0.532916 0 -0.471038
v -0.539769 0 -0.465674
v -0.546453 0 -0.460205
v -0.552963 0 -0.45463
v -0.559295 0 -0.448951
v -0.565447 0 -0.443166
v -0.571414 0 -0.437277
v -0.577192 0 -0.431283
v -0.582778 0 -0.425185
v -0.582778 0 -0.425185
v -0.588168 0 -0.418983
v -0.593364 0 -0.412679
v -0.598366 0 -0.406275
v -0.603177 0 -0.399774
v -0.607798 0 -0.393179
v -0.612231 0 -0.38649
v -0.616476 0 -0.379712
v -0.620537 0 -0.372846
v -0.624413 0 -0.365894
v -0.628107 0 -0.358859
v -0.631621 0 -0.351744
v -0.634955 0 -0.34455
v -0.638112 0 -0.33728
v -0.641093 0 -0.329936
v -0.6439 0 -0.322521
v -0.646533 0 -0.315038
v -0.648995 0 -0.307487
v -0.651288 0 -0.299873
v -0.653412 0 -0.292196
v -0.655369 0 -0.28446
v -0.657162 0 -0.276667
v -0.658791 0 -0.268819
v -0.660257 0 -0.260918
v -0.661564 0 -0.252968
v -0.662711 0 -0.244969
v -0.663701 0 -0.236926
v -0.664536 0 -0.228839
v -0.665216 0 -0.220712
v -0.665744 0 -0.212546
v -0.66612 0 -0.204344
v -0.666347 0 -0.196109
v -0.666426 0 -0.187843
v -0.666358 0 -0.179547
v -0.666146 0 -0.171225
v -0.66579 0 -0.162879
v -0.665292 0 -0.154511
v -0.664654 0 -0.146124
v -0.663878 0 -0.13772
v -0.662964 0 -0.129301
v -0.661915 0 -0.120869
v -0.660732 0 -0.112427
v -0.659417 0 -0.103978
v -0.65797 0 -0.0955235
v -0.656395 0 -0.087066
v -0.654691 0 -0.0786078
v -0.652861 0 -0.0701515
v -0.650907 0 -0.0616991
v -0.64883 0 -0.0532533
v -0.646631 0 -0.0448163
v -0.644312 0 -0.0363905
v -0.641874 0 -0.0279782
v -0.63932 0 -0.0195818
v -0.636651 0 -0.0112036
v -0.633867 0 -0.00284606
v -0.630972 0 0.00548851
v -0.627965 0 0.0137978
v -0.62485 0 0.0220794
v -0.621627 0 0.0303309
v -0.618299 0 0.0385501
v -0.614865 0 0.0467345
v -0.611329 0 0.0548819
v -0.607692 0 0.0629897
v -0.603955 0 0.0710557
v -0.60012 0 0.0790776
v -0.596188 0 0.087053
v -0.59216 0 0.0949795
v -0.58804 0 0.102855
v -0.583827 0 0.110676
v -0.579524 0 0.118442
v -0.575133 0 0.126149
v -0.570653 0 0.133796
v -0.566089 0 0.14138
v -0.561439 0 0.148898
v -0.556708 0 0.156348
v -0.551895 0 0.163729
v -0.547003 0 0.171037
v -0.542032 0 0.17827
v -0.536986 0 0.185426
v -0.531864 0 0.192503
v -0.526669 0 0.199497
v -0.521403 0 0.206408
v -0.516066 0 0.213231
v -0.510661 0 0.219966
v -0.505188 0 0.22661
v -0.49965 0 0.23316
v -0.494048 0 0.239614
v -0.488384 0 0.245969
v -0.482659 0 0.252224
v -0.476874 0 0.258375
v -0.471032 0 0.264422
v -0.465134 0 0.27036
v -0.459181 0 0.276188
v -0.453175 0 0.281904
v -0.447117 0 0.287505
v -0.44101 0 0.292989
v -0.434854 0 0.298353
v -0.428651 0 0.303595
v -0.422403 0 0.308713
v -0.416111 0 0.313704
v -0.416111 0 0.313704
v -0.409777 0 0.318566
v -0.403402 0 0.3233
v -0.396987 0 0.327906
v -0.390532 0 0.332384
v -0.38404 0 0.336733
v -0.37751 0 0.340956
v -0.370944 0 0.345052
v -0.364344 0 0.349021
v -0.357709 0 0.352864
v -0.351041 0 0.356581
v -0.344342 0 0.360173
v -0.337611 0 0.363639
v -0.33085 0 0.36698
v -0.324061 0 0.370197
v -0.317244 0 0.37329
v -0.310399 0 0.376259
v -0.303529 0 0.379104
v -0.296635 0 0.381827
v -0.289716 0 0.384426
v -0.282774 0 0.386903
v -0.275811 0 0.389258
v -0.268827 0 0.391492
v -0.261824 0 0.393603
v -0.254801 0 0.395594
v -0.247761 0 0.397464
v -0.240704 0 0.399214
v -0.233632 0 0.400844
v -0.226545 0 0.402354
v -0.219444 0 0.403744
v -0.212331 0 0.405016
v -0.205206 0 0.406169
v -0.198071 0 0.407204
v -0.190926 0 0.408121
v -0.183773 0 0.40892
v -0.176612 0 0.409602
v -0.169444 0 0.410167
v -0.162272 0 0.410616
v -0.155095 0 0.410948
v -0.147914 0 0.411164
v -0.140731 0 0.411265
v -0.133547 0 0.411251
v -0.126362 0 0.411122
v -0.119178 0 0.410878
v -0.111996 0 0.41052
v -0.104816 0 0.410049
v -0.0976406 0 0.409464
v -0.0904695 0 0.408766
v -0.0833042 0 0.407955
v -0.0761458 0 0.407031
v -0.0689952 0 0.405996
v -0.0618534 0 0.404849
v -0.0547215 0 0.403591
v -0.0476004 0 0.402221
v -0.0404912 0 0.400741
v -0.0333951 0 0.399151
v -0.0263128 0 0.39745
v -0.0192455 0 0.39564
v -0.0121942 0 0.393721
v -0.00515984 0 0.391692
v 0.00185645 0 0.389555
v 0.0088537 0 0.38731
v 0.0158308 0 0.384957
v 0.0227869 0 0.382496
v 0.029721 0 0.379928
v 0.0366318 0 0.377253
v 0.0435185 0 0.374472
v 0.05038 0 0.371584
v 0.0572154 0 0.368591
v 0.0640235 0 0.365492
v 0.0708035 0 0.362288
v 0.0775542 0 0.358979
v 0.0842746 0 0.355566
v 0.0909636 0 0.352048
v 0.0976204 0 0.348427
v 0.104244 0 0.344703
v 0.110833 0 0.340875
v 0.117387 0 0.336945
v 0.123904 0 0.332912
v 0.130384 0 0.328777
v 0.136826 0 0.32454
v 0.143228 0 0.320203
v 0.149589 0 0.315764
v 0.155909 0 0.311224
v 0.162187 0 0.306584
v 0.168421 0 0.301845
v 0.174611 0 0.297005
v 0.180754 0 0.292066
v 0.186852 0 0.287029
v 0.192902 0 0.281893
v 0.198903 0 0.276658
v 0.204854 0 0.271326
v 0.210755 0 0.265896
v 0.216604 0 0.260369
v 0.2224 0 0.254745
v 0.228143 0 0.249025
v 0.233831 0 0.243208
v 0.239463 0 0.237296
v 0.245038 0 0.231288
v 0.250556 0 0.225185
